0 3 0 30 3
0 3 3 30 1
0 3 6 30 3
0 6 6 30 1
0 3 9 30 1
0 3 12 30 5
0 3 15 30 5
0 6 15 30 1
3 3 3 30 1
3 3 6 30 1
3 3 9 30 3
3 6 9 30 2
3 6 12 30 3
3 3 15 30 2
3 6 15 30 2
3 6 18 30 1
3 3 21 30 1
6 6 0 30 2
6 9 0 30 1
6 9 9 30 1
6 6 12 30 1
6 9 12 30 2
6 6 15 30 1
6 9 15 30 1
6 6 18 30 1
6 9 18 30 2
9 9 0 30 1
9 12 0 30 2
9 9 9 30 2
9 12 9 30 1
9 12 12 30 3
9 9 15 30 1
9 12 24 30 1
9 9 27 30 1
12 12 0 30 1
12 15 0 30 1
12 15 6 30 1
12 15 15 30 1
12 15 21 30 1
0 30 0 30 6
3 30 0 30 2
6 30 0 30 1
6 30 3 30 2
6 30 6 30 3
6 30 9 30 1
9 30 0 30 2
9 30 9 30 3
9 30 12 30 1
12 30 0 30 5
12 30 6 30 1
12 30 9 30 4
12 30 12 30 10
15 30 0 30 3
15 30 3 30 1
15 30 6 30 1
15 30 9 30 2
15 30 12 30 8
15 30 15 30 9
18 30 0 30 1
18 30 6 30 1
18 30 9 30 1
18 30 12 30 1
18 30 15 30 3
18 30 18 30 6
21 30 15 30 1
0 0 0 30 9
0 0 3 30 3
0 0 6 30 10
0 0 9 30 6
0 0 12 30 8
0 0 15 30 5
0 0 18 30 4
0 0 21 30 1
0 30 0 3 1
6 30 0 6 1
6 30 6 6 1
12 30 0 3 1
12 30 0 6 1
15 30 0 3 1
21 30 15 15 1
3 30 0 0 1
9 30 0 0 1
12 30 0 0 1
0 3 0 6 1
3 6 6 12 1
9 9 9 9 1
0 0 0 0 1
