15 99 15 99 1
15 99 15 99 1
16 99 16 99 2
16 99 16 99 2
16 99 16 99 1
17 99 17 99 2
17 99 17 99 2
17 99 17 99 1
1 16 23 99 1
1 7 23 99 1
1 11 23 99 1
1 12 23 99 1
1 12 23 99 1
1 13 23 99 2
1 13 23 99 1
1 14 23 99 1
1 14 23 99 1
1 14 23 99 1
1 15 23 99 1
1 15 23 99 1
5 7 23 99 2
5 7 23 99 1
3 14 23 99 1
3 15 23 99 2
7 9 23 99 1
7 10 23 99 1
7 15 23 99 2
8 10 23 99 1
8 15 23 99 2
9 10 23 99 1
9 10 23 99 1
9 12 23 99 1
9 12 23 99 1
9 12 23 99 1
10 11 23 99 1
10 11 23 99 1
10 11 23 99 1
10 11 23 99 1
10 11 23 99 2
10 11 23 99 2
10 11 23 99 2
10 12 23 99 1
10 12 23 99 1
10 15 23 99 1
11 12 23 99 1
11 13 23 99 2
11 13 23 99 1
11 13 23 99 1
11 13 23 99 1
12 13 23 99 1
12 13 23 99 1
12 13 23 99 1
12 13 23 99 1
12 13 23 99 1
12 13 23 99 1
12 13 23 99 2
12 14 23 99 1
12 14 23 99 2
13 15 23 99 1
13 15 23 99 1
13 15 23 99 2
13 16 23 99 1
14 15 23 99 2
14 15 23 99 2
14 15 23 99 1
14 15 23 99 1
14 15 23 99 1
14 15 23 99 1
14 15 23 99 1
14 15 23 99 1
14 16 23 99 1
14 16 23 99 1
15 16 23 99 1
15 16 23 99 1
15 16 23 99 1
15 16 23 99 1
15 16 23 99 2
1 10 11 12 1
1 7 12 13 1
1 7 16 16 2
1 15 20 21 1
3 7 17 17 1
5 7 11 12 1
5 8 13 13 1
7 9 19 19 1
8 10 15 15 1
9 13 14 15 1
9 11 17 18 2
9 12 17 18 1
9 13 17 18 1
9 12 22 22 1
10 11 14 15 1
10 11 15 16 1
10 12 15 16 2
10 14 15 16 2
10 12 16 17 1
10 12 23 23 1
12 13 20 20 1
13 14 17 18 2
13 15 17 18 1
13 15 17 18 1
13 14 19 20 1
13 14 20 21 1
14 15 23 23 2
