15 99 15 99 1
15 99 15 99 1
15 99 15 99 1
15 99 15 99 1
15 99 15 99 1
15 99 15 99 1
15 99 15 99 1
15 99 15 99 1
15 99 15 99 1
15 99 15 99 1
15 99 15 99 1
15 99 15 99 1
15 99 15 99 1
15 99 15 99 2
15 99 15 99 2
15 99 15 99 2
15 99 15 99 2
15 99 15 99 2
15 99 15 99 2
16 99 16 99 1
16 99 16 99 1
16 99 16 99 1
16 99 16 99 1
16 99 16 99 1
16 99 16 99 1
16 99 16 99 1
16 99 16 99 1
16 99 16 99 1
16 99 16 99 1
16 99 16 99 1
16 99 16 99 1
16 99 16 99 1
16 99 16 99 1
16 99 16 99 1
16 99 16 99 2
16 99 16 99 2
16 99 16 99 2
16 99 16 99 2
16 99 16 99 2
16 99 16 99 2
16 99 16 99 2
16 99 16 99 2
16 99 16 99 2
16 99 16 99 2
16 99 16 99 2
16 99 16 99 2
16 99 16 99 2
16 99 16 99 2
16 99 16 99 2
16 99 16 99 2
17 99 16 99 1
17 99 16 99 1
17 99 16 99 1
17 99 16 99 1
17 99 16 99 1
17 99 16 99 1
17 99 16 99 1
17 99 16 99 1
17 99 16 99 1
17 99 16 99 2
18 99 16 99 2
1 5 23 99 1
1 5 23 99 1
1 11 23 99 1 
1 11 23 99 1 
1 12 23 99 2 
1 12 23 99 2 
1 13 23 99 2 
1 14 23 99 1 
1 15 23 99 1 
1 15 23 99 1 
1 15 23 99 1 
1 15 23 99 1 
1 15 23 99 1 
1 15 23 99 1 
1 15 23 99 1 
1 16 23 99 1 
1 17 23 99 1 
1 18 23 99 1 
1 15 23 99 2 
1 15 23 99 2 
1 16 23 99 2 
1 16 23 99 2 
1 16 23 99 2 
3 10 23 99 1
4 11 23 99 2
5 11 23 99 2
6 13 23 99 2
6 8 23 99 1
7 12 23 99 1
7 10 23 99 1
8 16 23 99 2
8 12 23 99 1
8 15 23 99 1
8 13 23 99 1
9 12 23 99 2
9 14 23 99 2
9 14 23 99 2
9 13 23 99 1
9 14 23 99 1
10 15 23 99 2
10 16 23 99 1
10 12 23 99 2
10 12 23 99 1
11 14 23 99 2
11 14 23 99 2
11 15 23 99 2
11 12 23 99 2
11 12 23 99 2
11 14 23 99 1
11 14 23 99 1
11 16 23 99 2
12 14 23 99 2
12 14 23 99 2
12 14 23 99 2
12 15 23 99 2
12 13 23 99 1
12 13 23 99 1
12 13 23 99 1
12 13 23 99 1
12 14 23 99 1
12 15 23 99 1
12 15 23 99 1
13 14 23 99 1
13 14 23 99 1
13 14 23 99 1
13 14 23 99 1
14 15 23 99 1
14 15 23 99 1
14 15 23 99 1
14 15 23 99 1
14 16 23 99 2
15 16 23 99 2
15 16 23 99 2
15 16 23 99 2
13 15 23 99 2
15 16 23 99 1
15 16 23 99 1
1  12 23 99 1
1  3 7 8  1
1  12 14 15 1
6  12 16 16 1
7  13 16 17 2
10 11 19 20 1
11 12 20 20 1
13 14 20 20 2
3 16 21 21 2
6 13 21 21 2
8 16 21 21 2
10 12 21 21 1
13 15 21 22 1
13 13 22 22 1
12 13 23 23 2
